7067
60964
41971
7989
6937
31137
5644
50503
49692
18695
11725
761
36754
40424
21635
39585
28224
52323
2710
48744
65104
27898
56659
61809
17653
12103
6239
33349
2719
7599
52679
53197
19547
8474
42955
57285
46126
13920
32853
2438
39597
7405
2399
31671
53516
48399
37222
50699
10753
9041
26730
58797
41138
58096
60262
26631
8316
63601
37282
50744
38887
10431
44789
44756
31912
2634
42362
30946
13916
25699
13141
37318
39765
1932
38460
10061
11066
19016
428
50576
25886
25912
61361
33718
19601
42938
4665
23174
37612
62307
33184
59996
35824
22407
429
21278
48409
53242
46803
16451
26214
3115
44053
62322
54961
61507
11579
33370
43588
21248
3921
47704
24594
4798
58446
37266
35703
8341
64307
52670
62383
51543
9390
14508
61766
45307
53749
11449
36996
53027
60976
60115
59920
43943
5285
251
1907
13193
42890
20456
45002
16886
40008
52557
12177
48412
18003
13333
25369
46147
19727
21027
19467
2332
2984
28512
53653
20600
1078
36158
8889
57118
8
51974
11841
555
29214
17116
65114
27319
7291
17709
28951
8133
7229
62100
26946
17250
11195
32721
43133
6181
49664
43137
8386
53212
44247
35902
49713
22078
29535
38961
16955
4465
33378
33261
362
27057
63905
28134
45966
19953
7110
52741
44581
35725
34133
38053
63338
36698
64835
16541
3429
23807
3613
53526
9069
20980
17239
37850
7061
20937
15806
31861
53719
52251
65242
14495
15564
39308
32792
56004
27394
36503
36870
30215
18410
11703
29904
58398
39059
9302
4014
35666
12758
59866
52192
32420
9881
57534
4309
49525
6192
65483
24446
21445
18780
41546
10072
18675
19365
41827
33564
22223
12758
15377
60543
43205
17393
49576
15889
33734
9480
8859
59627
16162
10376
41939
12503
51722
62903
20866
18190
49241
38374
40836
51247
3279
61787
57739
62061
63564
28755
11471
62045
11445
214
33236
13321
53437
27446
30740
10376
21241
63559
3681
32681
28603
18075
54915
20721
58065
7567
44858
44370
65487
4447
61132
33883
52319
23307
26763
58169
23551
61199
17507
38322
30784
26131
8392
26046
10530
41838
46637
50499
27326
48319
47620
42839
6112
55475
20783
25236
63261
49749
35207
4817
39962
13772
2274
38625
55435
21107
47505
31518
29679
12062
26609
44935
15053
3597
20375
22783
34680
38214
27697
59038
34120
55792
48878
14520
53532
21133
51827
39745
39357
61824
15528
18536
57157
41583
2634
7558
53061
18240
55099
47983
49745
25730
9452
38952
38581
16928
63671
4844
50484
1386
33914
53765
28184
9718
7727
25220
30503
11219
12348
50264
1679
15304
32609
221
43570
6246
22194
11012
62659
53264
34270
15495
6568
25443
39196
1609
40967
43366
55913
15981
61813
20943
15873
64942
23596
60772
47549
21562
16360
38916
3101
59585
50250
62834
33484
51948
21576
31851
28006
61850
48187
64214
47430
43774
5972
58669
61327
50668
51013
59546
28346
3105
29365
1708
63806
17088
63063
3443
53561
64304
50401
3886
26476
29359
41603
38274
24624
29603
20163
65340
12437
1383
45536
27418
62034
14813
3253
31078
6491
24740
59975
20744
35256
19942
22749
20507
21740
48221
3605
23137
40623
5012
61294
31265
23351
15795
61300
24472
24223
31068
9778
12637
12165
37041
38910
40818
2423
50691
16790
32363
31814
32431
7425
40438
56799
50312
6975
37696
42882
46878
28045
42305
18969
23710
10453
34544
25331
58430
26889
49030
62315
27619
20434
64090
48080
45921
52215
36703
3151
25869
39284
32263
6199
49441
63749
20933
3210
33158
33942
9293
44740
41187
21566
1759
37946
17443
9054
34377
16320
55628
36522
60910
51257
52127
33970
13460
53135
26768
31933
24057
63648
64744
51805
30514
18554
53952
1526
10542
56432
58782
30263
22303
13242
33951
33962
23616
14388
61255
44367
32727
44569
48155
38708
58569
48339
2830
3774
18855
64442
35595
60326
55257
40656
9354
30375
23275
18648
23419
15011
63175
48007
13887
30492
40891
25072
33398
64357
51536
60000
40340
56197
15998
24463
24956
61719
28135
64299
60955
29973
38285
14534
62987
12651
30501
61948
16640
18777
35613
36505
1934
41181
6751
36126
36071
53702
52142
51374
21034
58836
22148
61041
41656
28061
38914
10108
33405
19727
46999
4983
63163
8981
18976
64802
17128
63681
933
2090
47802
61000
28548
21637
45123
50470
13572
36622
18389
56306
28936
59406
12889
64467
35579
44577
24134
18414
30380
56252
37680
48292
39142
37229
8842
56472
60108
21695
7973
53577
19982
18964
29078
44029
23232
2368
32277
46119
65253
34680
17823
62312
49581
48347
57360
60394
49817
54674
11014
43644
63176
64932
28596
55608
28645
42842
46765
33223
42441
4497
58817
28168
2642
3477
24132
35333
60533
29164
32738
1091
26751
13586
65104
45653
8321
7343
3888
57315
65280
56356
46650
47011
47433
41831
62709
9654
41755
49886
63434
10876
24329
56701
58969
16951
27514
58813
34310
48040
1478
4124
39199
57775
20840
21281
14991
43530
10781
4111
59519
40900
20510
57923
30369
18446
52286
53852
11286
18524
57298
55880
29980
13562
58672
44803
63473
41799
45795
24725
3910
57048
16927
47826
32116
21115
22413
42012
34865
21076
8373
41061
45067
56833
44108
24969
8190
44967
22693
39796
44140
63178
41427
3092
1468
1785
6624
20350
44719
28360
16462
48502
6721
902
6931
1204
14620
20014
36309
24212
35599
7691
20095
30682
42173
10443
49323
50430
17982
48583
48083
12032
20719
51605
12635
53596
5603
5087
57431
16473
43126
4353
39842
46005
65078
24170
60472
37932
30044
1032
58961
14574
3895
33950
57145
54210
41435
10999
28255
21892
38724
46813
14573
61918
51270
40664
26667
47059
5002
11575
21090
35738
41342
49633
20666
63262
40813
17715
50444
39766
50314
13840
4096
26328
36731
35214
43032
31463
64458
9914
50800
9475
62387
51699
28978
2454
25751
46332
9033
52654
28411
52099
20555
48701
7044
51206
36832
22866
11471
64206
2166
35480
49
37262
56423
56316
55062
52023
25254
40811
31714
42154
60227
8503
10984
51622
48809
40978
10392
35401
18533
17435
35575
32680
24289
58003
3707
24675
48199
51354
52976
19692
55757
18126
35143
51271
14484
14363
49022
13646
10225
16214
61755
17341
18067
17338
19474
19810
29836
19342
12079
12209
7708
22261
58976
20922
33682
35483
18367
21994
57595
5307
64004
47977
27983
53568
41519
21366
